mPS=1.915;
mFE=0.565;
mRU=0.391;
IPS=[9992.222 1065.697 0;1065.697 31758.861 0;0 0 3446.081];
IFE=[3068.769 11.142 -102.811;11.142 3171.346 -559.828;-102.811 -559.828 1188.929];
IRU=[1233.065 -143.729 287.129;-143.729 986.395 353.242;287.129 353.242 665.622];
PcPS=[-21.685;-62.753;0];
PcFE=[1.92;-79.035];
PcRU=[57.868;12.720;16.527];
b=[0.0252; 0.0019; 0.0029];
fk=[0.1891; 0.0541; 0.1339];
